  1   9   4.2200E-03   5.9529E-02  1
  2  10   3.5064E-03   5.3009E-02  2
  3   8   3.2106E-03   1.8960E-02  2
  4   8   2.9779E-03   1.9031E-02  2
  5   8   2.7646E-03   1.8846E-02  2
  6  15   2.7410E-03   2.6459E-01  1
  7  12   2.7020E-03   3.1132E-02  2
  8   8   2.6104E-03   1.2325E-02  3
  9   8   2.5035E-03   1.3309E-02  2
 10  14   2.4835E-03   2.3592E-01  1
 11  12   2.4164E-03   3.6575E-02  2
 12  13   2.4077E-03   3.8523E-02  1
 13   8   2.2832E-03   1.4306E-02  2
 14   8   2.1387E-03   1.5346E-02  2
 15  14   2.1112E-03   2.0381E-01  1
 16  12   2.0372E-03   4.4835E-02  1
 17   8   1.8724E-03   1.6249E-02  2
 18   8   1.6866E-03   1.7135E-02  2
 19  14   1.6405E-03   1.6977E-01  1
 20  13   1.5707E-03   5.3191E-02  1
 21   8   1.3412E-03   1.7458E-02  2
 22   8   1.1349E-03   1.7732E-02  2
 23   8   9.3010E-04   1.7543E-02  2
 24  14   8.8955E-04   1.1597E-01  1
 25  14   8.4474E-04   5.9535E-02  3
 26   8   7.5527E-04   1.1431E-02  4
 27   7   6.0236E-04   1.0710E-02  4
 28   7   6.0230E-04   1.8167E-04  3
 29   7   6.0225E-04   1.8180E-04  3
 30   7   6.0220E-04   1.8193E-04  3
 31   7   6.0214E-04   1.8206E-04  3
 32   7   6.0209E-04   1.8220E-04  3
 33  35   6.0209E-04   2.8162E-11  4
  1   9   4.6625E-03   4.8848E-02  1
  2   8   4.4300E-03   1.7366E-02  4
  3   8   4.4273E-03   2.0313E-03  3
  4   8   4.4242E-03   2.1721E-03  3
  5   8   4.4206E-03   2.3290E-03  3
  6   8   4.4165E-03   2.5043E-03  2
  7   8   4.4117E-03   2.7011E-03  2
  8   8   4.4062E-03   2.9233E-03  2
  9   8   4.3997E-03   3.1754E-03  2
 10   8   4.3920E-03   3.4633E-03  2
 11   8   4.3828E-03   3.7943E-03  2
 12   8   4.3716E-03   4.1779E-03  2
 13   8   4.3581E-03   4.6267E-03  2
 14   8   4.3414E-03   5.1572E-03  2
 15   8   4.3204E-03   5.7924E-03  2
 16   8   4.2936E-03   6.5643E-03  2
 17   8   4.2586E-03   7.5188E-03  2
 18  14   4.1994E-03   3.0176E-01  2
 19  10   4.1623E-03   1.3345E-02  1
 20  11   4.1435E-03   1.5195E-02  1
 21   8   4.0773E-03   8.5239E-03  3
 22   7   3.8887E-03   9.8937E-03  3
 23  13   3.8716E-03   2.7167E-02  2
 24   8   3.7315E-03   1.5060E-02  2
 25   8   3.5076E-03   1.9004E-02  2
 26  13   3.4805E-03   2.4919E-01  1
 27  11   3.3722E-03   4.0699E-02  2
 28   7   2.2636E-03   2.2232E-02  2
 29  14   2.2404E-03   8.1484E-02  1
 30   7   1.2784E-03   2.3872E-02  2
 31  14   1.1377E-03   1.3072E-01  1
 32   7   9.6119E-04   1.0420E-02  3
 33   7   8.1481E-04   9.6055E-03  2
 34   7   7.6442E-04   5.5711E-03  3
 35   7   7.2070E-04   5.1958E-03  3
 36   7   6.8240E-04   4.8686E-03  2
 37   5   6.8240E-04   1.2870E-08  3
  1   8   5.2017E-03   7.6618E-02  1
  2   9   3.5238E-03   5.0789E-02  1
  3  12   3.3266E-03   8.0721E-02  1
  4   8   3.2955E-03   6.8987E-03  2
  5   9   3.2667E-03   8.9646E-03  2
  6  10   3.2457E-03   1.0598E-02  2
  7   8   3.1648E-03   1.0395E-02  3
  8   7   2.8612E-03   1.4554E-02  2
  9  14   2.3199E-03   5.0853E-01  1
 10  13   1.9575E-03   1.2461E-01  2
 11   8   1.2142E-03   4.5921E-02  3
 12   7   1.1923E-03   2.9152E-03  2
 13   8   1.1919E-03   7.6504E-04  3
 14   8   1.1915E-03   7.6471E-04  3
 15   8   1.1911E-03   7.6435E-04  3
 16   8   1.1907E-03   7.6396E-04  3
 17   8   1.1904E-03   7.6353E-04  3
 18   8   1.1900E-03   7.6307E-04  3
 19   8   1.1896E-03   7.6257E-04  3
 20   8   1.1892E-03   7.6204E-04  3
 21   8   1.1888E-03   7.6148E-04  3
 22   8   1.1884E-03   7.6089E-04  3
 23   8   1.1881E-03   7.6027E-04  3
 24   8   1.1877E-03   7.5961E-04  3
 25   8   1.1873E-03   7.5893E-04  3
 26   8   1.1869E-03   7.5821E-04  3
 27   8   1.1865E-03   7.5746E-04  3
 28   8   1.1861E-03   7.5669E-04  3
 29   8   1.1857E-03   7.5589E-04  3
 30   8   1.1854E-03   7.5505E-04  3
 31   8   1.1850E-03   7.5419E-04  3
 32   8   1.1846E-03   7.5331E-04  3
 33   8   1.1842E-03   7.5239E-04  3
 34   8   1.1838E-03   7.5145E-04  3
 35   8   1.1834E-03   7.5049E-04  3
 36   8   1.1831E-03   7.4949E-04  3
 37   8   1.1827E-03   7.4848E-04  3
 38   8   1.1823E-03   7.4743E-04  3
 39   8   1.1819E-03   7.4637E-04  3
 40   8   1.1815E-03   7.4528E-04  3
 41   8   1.1812E-03   7.4417E-04  3
 42   8   1.1808E-03   7.4304E-04  3
 43   8   1.1804E-03   7.4188E-04  3
 44   8   1.1800E-03   7.4070E-04  3
 45   8   1.1796E-03   7.3951E-04  3
 46   8   1.1793E-03   7.3829E-04  3
 47   8   1.1789E-03   7.3705E-04  3
 48   8   1.1785E-03   7.3579E-04  3
 49   8   1.1781E-03   7.3452E-04  3
 50   7   1.1775E-03   7.3323E-04  3
 51   7   1.1768E-03   7.3057E-04  3
 52   7   1.1762E-03   7.2786E-04  3
 53   1   1.1762E-03   3.2055E-09  4
