0.000000 -0.003034
0.096171 0.124982
0.192342 0.115893
0.288514 0.325236
0.384685 0.412408
0.480856 0.507094
0.577027 0.573279
0.673198 0.625118
0.769370 1.148721
0.865541 0.620605
0.961712 0.559423
1.057883 0.523292
1.154054 0.441353
1.250226 0.322951
1.346397 0.247702
1.442568 0.128086
1.538739 0.026908
1.634910 0.013966
1.731082 -0.168453
1.827253 -0.171331
1.923424 -0.288562
2.019595 -0.333551
2.115766 -0.414252
2.211938 -0.391075
2.308109 -0.418898
2.404280 -0.893469
2.500451 -0.314625
2.596622 -0.361746
2.692794 -0.290899
2.788965 -0.287112
2.885136 -0.218018
2.981307 -0.132942
3.077479 -0.049604
3.173650 0.028516
3.269821 0.125721
3.365992 0.244290
3.462163 0.341350
3.558335 0.464157
3.654506 0.506334
3.750677 0.648006
3.846848 0.649920
3.943019 1.148721
4.039191 0.563086
4.135362 0.508083
4.231533 0.470869
4.327704 0.417147
4.423875 0.284056
4.520047 0.131380
4.616218 0.071258
4.712389 -0.050984
