40
1 0.207000
2 0.301000
3 0.409000
4 0.589000
5 0.757000
6 0.669000
7 0.797000
8 0.818000
9 0.866000
10 0.859000
11 0.908000
12 0.923000
13 0.889000
14 0.936000
15 0.889000
17 0.898000
19 0.959000
21 0.957000
23 0.937000
25 0.918000
27 0.939000
29 0.967000
30 0.662268
31 0.973000
32 0.680396
33 0.943000
34 0.690401
35 0.967000
37 0.702391
40 0.946000
45 0.961000
46 0.759706
48 0.731934
51 0.718073
53 0.744508
55 0.968000
56 0.751425
59 0.747322
60 0.708509
65 0.968000
