40
1 0.207000
2 0.301000
3 0.409000
4 0.589000
5 0.757000
6 0.669000
7 0.797000
8 0.818000
9 0.866000
10 0.859000
11 0.908000
12 0.923000
13 0.889000
14 0.936000
15 0.889000
17 0.898000
19 0.959000
21 0.957000
22 0.685135
23 0.937000
24 0.645150
25 0.918000
27 0.939000
29 0.967000
30 0.710335
31 0.973000
33 0.943000
35 0.967000
37 0.691693
40 0.946000
41 0.659341
45 0.961000
53 0.691250
55 0.968000
57 0.709939
59 0.736501
61 0.681769
62 0.692651
64 0.681043
65 0.968000
