40
1 0.115000
2 0.147000
3 0.389000
4 0.516000
5 0.669000
6 0.768000
7 0.786000
8 0.798000
9 0.878000
10 0.861000
11 0.844000
12 0.881000
13 0.895000
14 0.882000
15 0.869000
16 0.619269
17 0.895000
19 0.911000
21 0.920000
22 0.644972
23 0.915000
25 0.950000
27 0.909000
28 0.726313
29 0.873000
31 0.880000
33 0.915000
35 0.906000
39 0.685495
40 0.933000
42 0.719241
45 0.917000
46 0.745631
47 0.701091
53 0.720448
54 0.724308
55 0.898000
56 0.675451
60 0.689596
65 0.839000
