40
1 0.115000
2 0.147000
3 0.389000
4 0.516000
5 0.669000
6 0.768000
7 0.786000
8 0.798000
9 0.878000
10 0.861000
11 0.844000
12 0.881000
13 0.895000
14 0.882000
15 0.869000
16 0.669643
17 0.895000
19 0.911000
21 0.920000
23 0.915000
25 0.950000
27 0.909000
29 0.873000
30 0.686425
31 0.880000
33 0.915000
35 0.906000
37 0.743102
40 0.933000
44 0.718147
45 0.917000
48 0.701037
49 0.705681
52 0.721154
54 0.761260
55 0.898000
58 0.687040
61 0.734051
63 0.762487
65 0.839000
