-1.000000 -6.008587
-0.900000 -4.960567
-0.800000 -4.032528
-0.700000 -3.209725
-0.600000 -2.486659
-0.500000 -1.877134
-0.400000 10.000000
-0.300000 10.000000
-0.200000 10.000000
-0.100000 10.000000
0.000000 10.000000
0.100000 10.000000
0.200000 10.000000
0.300000 10.000000
0.400000 10.000000
0.500000 10.000000
0.600000 0.337833
0.700000 0.263030
0.800000 0.186745
0.900000 0.089566
1.000000 0.006033
1.100000 -0.093117
1.200000 -0.191531
1.300000 -0.276658
1.400000 -0.334462
1.500000 -0.368210
1.600000 -0.390371
1.700000 -0.364993
1.800000 -0.292548
1.900000 -0.176121
2.000000 0.004478
2.100000 0.237386
2.200000 0.523309
2.300000 0.891537
2.400000 1.346426
2.500000 1.883989
2.600000 2.499181
2.700000 3.209452
2.800000 4.024842
2.900000 4.968742
3.000000 5.990804
3.100000 7.153969
3.200000 8.448271
3.300000 9.875493
3.400000 11.418271
3.500000 13.115170
