40
1 0.126000
2 0.171000
3 0.184000
4 0.286000
5 0.400000
6 0.503000
7 0.524000
8 0.634000
9 0.742000
10 0.664000
11 0.735000
12 0.815000
13 0.768000
14 0.842000
15 0.760000
17 0.869000
18 0.697218
19 0.844000
21 0.852000
23 0.907000
25 0.935000
26 0.659826
27 0.921000
28 0.669651
29 0.896000
31 0.890000
33 0.949000
35 0.899000
38 0.675175
40 0.955000
45 0.937000
49 0.681549
51 0.693722
54 0.676152
55 0.933000
57 0.693421
59 0.724823
60 0.745921
61 0.764145
65 0.917000
