34
5
1 0.207000 1 0.115000 1 0.126000
2 0.301000 2 0.147000 2 0.171000
3 0.409000 3 0.389000 3 0.184000
4 0.589000 4 0.516000 4 0.286000
5 0.757000 5 0.669000 5 0.400000
6 0.669000 6 0.768000 6 0.503000
7 0.797000 7 0.786000 7 0.524000
8 0.818000 8 0.798000 8 0.634000
9 0.866000 9 0.878000 9 0.742000
10 0.859000 10 0.861000 10 0.664000
11 0.908000 11 0.844000 11 0.735000
12 0.923000 12 0.881000 12 0.815000
13 0.889000 13 0.895000 13 0.768000
14 0.936000 14 0.882000 14 0.842000
15 0.889000 15 0.869000 15 0.760000
17 0.898000 17 0.895000 17 0.869000
19 0.959000 19 0.911000 19 0.844000
21 0.957000 21 0.920000 21 0.852000
23 0.937000 23 0.915000 23 0.907000
25 0.918000 24 0.658722 25 0.935000
27 0.939000 25 0.950000 26 0.714289
29 0.967000 27 0.909000 27 0.921000
31 0.973000 29 0.873000 29 0.896000
33 0.943000 31 0.880000 31 0.890000
35 0.967000 33 0.915000 33 0.949000
38 0.733898 35 0.906000 34 0.697395
40 0.946000 36 0.716988 35 0.899000
44 0.698595 40 0.933000 39 0.735144
45 0.961000 43 0.727808 40 0.955000
46 0.687537 45 0.917000 45 0.937000
50 0.746228 46 0.667013 55 0.933000
52 0.762825 48 0.702572 57 0.707120
55 0.968000 55 0.898000 62 0.752996
65 0.968000 65 0.839000 65 0.917000
