29
1 0.207000 0.115000 0.126000
2 0.301000 0.147000 0.171000
3 0.409000 0.389000 0.184000
4 0.589000 0.516000 0.286000
5 0.757000 0.669000 0.400000
6 0.669000 0.768000 0.503000
7 0.797000 0.786000 0.524000
8 0.818000 0.798000 0.634000
9 0.866000 0.878000 0.742000
10 0.859000 0.861000 0.664000
11 0.908000 0.844000 0.735000
12 0.923000 0.881000 0.815000
13 0.889000 0.895000 0.768000
14 0.936000 0.882000 0.842000
15 0.889000 0.869000 0.760000
17 0.898000 0.895000 0.869000
19 0.959000 0.911000 0.844000
21 0.957000 0.920000 0.852000
23 0.937000 0.915000 0.907000
25 0.918000 0.950000 0.935000
27 0.939000 0.909000 0.921000
29 0.967000 0.873000 0.896000
31 0.973000 0.880000 0.890000
33 0.943000 0.915000 0.949000
35 0.967000 0.906000 0.899000
40 0.946000 0.933000 0.955000
45 0.961000 0.917000 0.937000
55 0.968000 0.898000 0.933000
65 0.968000 0.839000 0.917000
