0.000000 0.098906
0.096171 0.107965
0.192342 0.199788
0.288514 0.323602
0.384685 0.437846
0.480856 0.558847
0.577027 0.620350
0.673198 0.647206
0.769370 1.148721
0.865541 0.591511
0.961712 0.614500
1.057883 0.533386
1.154054 0.453808
1.250226 0.327186
1.346397 0.209080
1.442568 0.143400
1.538739 0.030647
1.634910 -0.081587
1.731082 -0.151531
1.827253 -0.239826
1.923424 -0.334810
2.019595 -0.365742
2.115766 -0.390040
2.211938 -0.365989
2.308109 -0.393988
2.404280 -0.893469
2.500451 -0.359586
2.596622 -0.328526
2.692794 -0.321409
2.788965 -0.260581
2.885136 -0.214510
2.981307 -0.209615
3.077479 -0.150369
3.173650 0.042595
3.269821 0.117429
3.365992 0.206276
3.462163 0.347375
3.558335 0.511684
3.654506 0.474712
3.750677 0.635459
3.846848 0.633309
3.943019 1.148721
4.039191 0.637127
4.135362 0.585302
4.231533 0.568916
4.327704 0.444457
4.423875 0.337058
4.520047 0.139384
4.616218 0.101487
4.712389 0.028572
