1.000000 0.000000
2.500000 0.060000
3.500000 0.120000
4.500000 0.190000
5.500000 0.210000
6.500000 0.220000
7.500000 0.230000
8.500000 0.260000
9.500000 0.340000
10.500000 0.310000
11.500000 0.340000
12.500000 0.270000
13.500000 0.320000
14.500000 0.360000
15.500000 0.420000
16.500000 1.000000
17.500000 1.000000
18.500000 1.000000
19.500000 1.000000
20.500000 0.420000
21.500000 0.290000
22.500000 0.460000
23.500000 0.490000
24.500000 0.430000
25.500000 0.520000
26.500000 0.420000
27.500000 0.380000
28.500000 0.470000
29.500000 0.430000
30.500000 0.460000
31.500000 0.610000
32.500000 0.440000
33.500000 0.450000
34.500000 0.500000
